['currFeatsInTimestep_0'],"[0.0026678881, -0.1202378, 0.18881392, -0.0071750055, -0.029448494, 0.090704232, -0.0072558224, 0.20085175, 0.066330798, -0.035562672, -0.09278965, 0.54285043, -0.52261436, -0.039471529, -0.56909382, -0.079822987, -0.15749939, -0.21928012, -0.21928012]"
['curr_classification_0_testNumer: 9'],[14]
['currFeatsInTimestep_1'],"[0.18432444, -0.066197239, -0.081682898, -0.047111534, 0.13708654, -0.13063881, 0.086708352, 0.43578103, -0.043073047, 0.1062616, 0.0015086681, -0.72918189, 0.72697425, -0.025008595, -1.2454059, -0.031502262, 0.044634998, 0.081228837, -0.21928012]"
['curr_classification_1_testNumer: 9'],[14]
['currFeatsInTimestep_2'],"[-0.039145984, 0.01001529, -0.0016515683, -0.081430875, 0.13758698, 0.048847802, 0.087464616, -0.16952226, -0.019627366, 0.13124508, -0.14385135, -0.085253797, 0.034502104, 0.13113181, -0.27512792, -0.082607575, 0.09325403, -0.093768194, -0.21928012]"
['curr_classification_2_testNumer: 9'],[10]
['currFeatsInTimestep_3'],"[-0.028411018, 0.22398275, 0.13535759, 0.01919692, -0.23963895, 0.1483842, -0.017975867, -0.20724955, 0.11275023, 0.017139293, -0.42986181, -0.092617132, -0.58944386, 0.2045579, 0.74386215, 0.025927836, 0.10081821, -0.047111906, -0.21928012]"
['curr_classification_3_testNumer: 9'],[14]
['currFeatsInTimestep_4'],"[0.034551539, 0.029191332, -0.17039461, 0.04296596, 0.094962806, -0.023967724, 0.041090615, -0.76588309, 0.034641594, -0.14173397, -0.0049453378, -0.62455064, 0.38707018, -0.40259352, 0.44684687, -0.053987432, -0.16429624, -0.038004566, -0.21928012]"
['curr_classification_4_testNumer: 9'],[14]
['Actual y: '],"[[14]
 [13]
 [15]
 [11]
 [10]]"
