['currFeatsInTimestep_0'],"[0.0067896238, -0.12159179, 0.19787237, -0.0065492485, -0.03275891, 0.093861483, -0.0046980535, 0.11247122, 0.066330798, 0.14907305, 0.033468477, -0.03634835, -0.18476412, -0.030802295, 0.12677388, -0.094303206, -0.29328883, -0.062202297, -0.062202297]"
['curr_classification_0_testNumer: 2'],[15]
['currFeatsInTimestep_1'],"[0.18395482, -0.067918882, -0.10296108, -0.048245743, 0.092384867, -0.13399974, 0.090445422, 0.088073708, -0.043073047, 0.046908792, -0.031549953, -0.10886348, 0.091005333, -0.040934291, -0.048725858, 0.0073874891, 0.11513743, -0.062533133, -0.062202297]"
['curr_classification_1_testNumer: 2'],[15]
['currFeatsInTimestep_2'],"[-0.027824666, 0.0094365682, -0.011491494, -0.081309557, 0.07612402, 0.050517827, 0.092633471, -0.21872373, -0.019627366, 0.038777027, 0.31268626, -0.20800471, 0.074151069, 0.013216028, 0.14694701, -0.063912436, 0.030248329, -0.034152634, -0.062202297]"
['curr_classification_2_testNumer: 2'],[15]
['currFeatsInTimestep_3'],"[-0.039410591, 0.22071999, 0.073714405, 0.019146048, -0.11877313, 0.14678447, -0.021275727, 0.010253362, 0.11275023, 0.052791517, 0.28159493, 0.11000951, 0.13984811, 0.18431525, -0.024678219, -0.18121418, -0.0031661782, -0.056532308, -0.062202297]"
['curr_classification_3_testNumer: 2'],[12]
['currFeatsInTimestep_4'],"[0.032236211, 0.028813433, -0.179552, 0.04309481, 0.052413668, -0.026307339, 0.043915343, -0.39736348, 0.034641594, 0.029915793, -0.15422225, -0.21999249, 0.02629862, 0.041472189, -0.048170771, -0.033815734, -0.0081420429, -0.10942265, -0.062202297]"
['curr_classification_4_testNumer: 2'],[15]
['Actual y: '],"[[13]
 [12]
 [12]
 [12]
 [14]]"
